227 1
234 1
270 1
305 1
330 1
347 1
363 1
374 1
683 1
688 1
696 1
713 1
716 1
738 1
753 1
765 1
766 1
769 1
781 1
783 1
794 1
796 1
815 1
837 1
838 1
839 1
849 1
868 1
891 1
895 1
904 1
935 2
946 1
961 1
971 1
976 1
984 1
990 1
1013 1
1024 1
1027 1
1034 1
1036 1
1038 1
1070 1
1076 1
1102 1
1103 1
1120 1
1130 1
1155 1
1178 1
1184 1
1198 1
1200 1
1201 1
1212 1
1222 2
1231 1
1233 1
1235 1
1239 1
1251 1
1252 1
1256 2
1257 1
1261 1
1262 1
1263 1
1265 1
1271 1
1275 1
1283 1
1285 1
1290 1
1292 1
1297 1
1298 1
1301 1
1309 1
1311 1
1329 1
1331 1
1333 1
1340 2
1343 3
1347 1
1353 1
1357 1
1372 1
1373 1
1388 1
1391 1
1392 1
1404 1
1407 1
1410 1
1414 1
1423 1
1431 1
1433 1
1439 1
1442 1
1452 1
1454 1
1459 1
1460 2
1467 1
1469 2
1482 1
1492 1
1503 1
1510 1
1533 1
1537 1
1543 1
1552 1
1564 1
1583 2
1584 1
1591 1
1602 3
1621 1
1627 1
1629 1
1650 1
1658 1
1664 1
1666 1
1668 1
1670 1
1678 1
1682 1
1683 1
1705 1
1708 1
1716 1
1717 1
1721 1
1722 1
1734 2
1738 1
1739 1
1742 1
1744 1
1746 1
1748 1
1757 1
1766 1
1767 1
1773 1
1779 1
1782 1
1784 1
1794 1
1796 1
1799 1
1801 1
1805 1
1807 1
1808 1
1809 1
1817 1
1819 2
1821 2
1822 1
1826 1
1832 1
1843 1
1847 2
1851 1
1852 1
1854 1
1860 1
1873 1
1888 2
1899 1
1900 1
1901 1
1906 1
1919 1
1920 2
1923 1
1930 1
1931 1
1933 1
1935 1
1946 1
1948 1
1952 1
1953 1
1954 1
1960 1
1962 1
1963 1
1967 1
1968 1
1975 1
1984 1
1993 1
2003 1
2007 1
2009 1
2019 1
2024 1
2027 1
2045 1
2047 1
2049 2
2053 1
2054 1
2055 1
2057 1
2079 1
2092 1
2093 1
2107 1
2125 1
2137 1
2146 1
2148 1
2152 2
2155 1
2158 1
2163 1
2172 1
2177 1
2179 1
2182 1
2184 1
2194 1
2197 1
2203 1
2208 1
2212 1
2213 1
2224 1
2244 1
2245 1
2251 1
2254 1
2257 1
2260 1
2278 1
2285 1
2290 1
2293 1
2295 1
2296 1
2301 1
2302 1
2320 1
2321 1
2323 1
2324 1
2325 1
2331 1
2335 2
2336 1
2338 1
2348 1
2354 2
2355 2
2358 2
2359 1
2363 2
2364 1
2365 1
2386 1
2407 1
2420 1
2421 1
2422 1
2426 1
2434 1
2435 2
2438 1
2440 2
2444 1
2448 2
2457 1
2460 1
2467 1
2468 1
2479 1
2481 1
2484 2
2485 1
2486 2
2489 1
2494 1
2495 1
2499 1
2504 1
2520 1
2523 2
2524 1
2526 1
2532 1
2536 1
2544 1
2547 1
2551 1
2553 1
2554 1
2561 1
2564 1
2568 1
2569 1
2573 1
2574 1
2577 1
2578 1
2590 1
2591 1
2593 1
2602 1
2603 1
2608 1
2621 1
2626 1
2632 1
2638 1
2640 1
2647 1
2649 2
2652 1
2655 1
2660 2
2674 2
2686 1
2695 1
2698 1
2706 1
2707 1
2709 1
2713 2
2718 1
2723 1
2730 1
2735 1
2737 1
2744 1
2754 1
2758 2
2773 1
2774 2
2782 1
2784 3
2787 1
2807 1
2809 1
2819 1
2821 1
2822 2
2825 1
2828 1
2848 1
2851 1
2870 1
2871 1
2873 1
2875 1
2877 1
2878 1
2881 1
2888 1
2893 1
2897 1
2901 1
2903 1
2918 1
2919 1
2929 1
2931 1
2937 1
2939 1
2950 3
2968 1
2982 1
2996 1
3010 1
3017 1
3019 1
3021 1
3026 1
3029 1
3033 1
3039 1
3041 1
3046 1
3048 2
3067 1
3070 1
3074 1
3075 3
3078 1
3085 1
3095 1
3104 1
3108 1
3109 1
3110 1
3116 1
3117 1
3119 1
3123 1
3129 1
3133 2
3138 1
3139 1
3144 1
3145 1
3157 1
3160 1
3162 1
3172 1
3177 1
3182 1
3184 1
3188 2
3189 1
3197 1
3201 2
3202 1
3203 1
3210 1
3216 1
3223 1
3228 1
3240 1
3241 1
3245 2
3260 1
3263 1
3266 2
3275 1
3276 1
3277 1
3280 1
3282 1
3283 1
3292 1
3296 1
3306 1
3308 1
3318 1
3323 1
3326 1
3327 1
3328 1
3331 1
3337 1
3341 1
3342 2
3348 1
3354 1
3355 1
3356 1
3363 1
3367 1
3371 1
3373 1
3375 1
3377 3
3378 1
3379 2
3384 1
3385 2
3386 1
3394 1
3396 1
3400 1
3405 1
3407 1
3412 1
3416 1
3424 1
3427 1
3445 2
3447 3
3448 1
3450 1
3457 1
3463 1
3464 1
3469 1
3473 1
3476 1
3495 2
3496 1
3503 1
3505 1
3507 1
3523 1
3528 1
3531 1
3532 1
3536 1
3545 1
3556 1
3558 1
3563 1
3567 1
3568 1
3571 1
3581 1
3595 1
3596 1
3597 1
3606 1
3614 1
3628 1
3633 1
3637 1
3642 1
3648 1
3649 2
3669 1
3684 1
3686 1
3695 1
3706 1
3708 1
3724 1
3730 1
3736 1
3742 1
3744 1
3745 1
3751 2
3754 1
3761 1
3765 1
3775 1
3776 1
3782 1
3787 1
3794 1
3797 1
3801 1
3804 1
3805 1
3807 1
3809 1
3817 1
3838 1
3846 1
3849 2
3854 1
3867 1
3871 1
3872 1
3880 1
3891 1
3892 1
3899 1
3902 2
3922 1
3930 1
3932 1
3937 1
3942 1
3962 1
3965 1
3969 1
3975 1
3984 1
3986 1
3987 2
3993 1
3999 1
4001 1
4008 1
4039 1
4051 1
4055 1
4056 1
4061 1
4066 1
4071 1
4077 1
4080 1
4091 1
4096 1
4098 1
4108 1
4122 1
4127 1
4131 1
4132 1
4134 1
4138 1
4143 1
4154 1
4165 1
4191 1
4192 1
4198 1
4208 1
4218 1
4225 1
4238 1
4240 1
4256 1
4258 1
4263 2
4273 1
4274 1
4280 1
4299 1
4312 1
4318 1
4325 1
4330 1
4341 1
4342 1
4345 1
4347 1
4351 1
4352 1
4358 1
4369 1
4373 1
4383 1
4386 1
4392 1
4394 1
4398 1
4402 1
4403 1
4412 2
4415 1
4428 1
4437 1
4444 1
4451 1
4457 1
4466 1
4475 1
4476 1
4497 2
4503 1
4504 1
4506 1
4508 1
4521 1
4526 1
4529 1
4534 1
4543 1
4550 1
4555 1
4565 1
4579 1
4583 1
4588 1
4593 1
4594 1
4603 2
4604 1
4608 2
4610 1
4611 1
4612 1
4617 1
4619 1
4622 1
4626 1
4634 1
4636 1
4648 1
4651 1
4670 1
4711 1
4715 2
4720 1
4722 1
4734 1
4746 1
4789 1
4797 1
4802 3
4803 1
4806 1
4808 1
4817 1
4819 1
4824 1
4836 1
4845 1
4848 1
4851 1
4861 1
4863 1
4869 1
4870 1
4873 1
4875 1
4880 1
4885 1
4888 1
4890 1
4891 1
4900 1
4905 1
4917 1
4921 1
4926 1
4937 1
4967 2
4972 1
4982 1
5000 1
5012 1
5016 1
5017 1
5023 1
5033 1
5035 1
5041 1
5044 1
5053 2
5054 1
5064 1
5068 1
5076 1
5086 1
5092 1
5094 1
5103 1
5111 1
5138 1
5204 1
5212 1
5213 1
5262 1
5265 1
5269 1
5294 1
5295 1
5306 1
5311 1
5312 1
5316 1
5319 1
5335 1
5338 1
5359 1
5372 1
5376 1
5377 1
5383 1
5388 1
5391 1
5396 1
5397 1
5421 1
5422 1
5432 1
5451 1
5459 1
5468 1
5477 1
5482 2
5491 1
5500 1
5513 1
5520 1
5532 1
5540 1
5555 1
5557 1
5561 2
5569 1
5572 1
5585 1
5587 1
5600 1
5608 1
5611 1
5612 1
5659 1
5672 1
5737 1
5745 1
5750 1
5751 1
5752 1
5754 1
5768 2
5780 1
5785 1
5803 1
5804 1
5868 1
5872 1
5884 1
5904 1
5932 1
5946 1
5981 1
5983 1
6033 1
6051 1
6065 1
6089 1
6107 1
6132 1
6133 1
6185 1
6187 1
6210 1
6221 1
6222 1
6281 1
6284 1
6292 1
6315 1
6322 1
6357 1
6376 1
6506 1
6507 1
6574 1
6583 1
6586 1
6648 1
6684 2
6687 1
6688 1
6703 1
6706 1
6708 1
6733 1
6739 1
6761 2
6770 1
6778 1
6782 1
6810 1
6813 1
6817 1
6822 1
6828 1
6857 1
6869 1
6876 1
6904 1
6922 1
6935 1
7024 1
7066 1
7067 1
7071 1
7108 1
7119 1
7165 1
7180 1
7194 1
7206 1
7237 1
7284 1
7288 1
7312 1
7315 1
7366 1
7383 2
7402 1
7409 1
7410 1
7414 1
7416 1
7498 1
7501 1
7542 1
7562 1
7618 1
7650 1
7760 1
7769 1
7777 1
7785 1
7813 1
7822 1
7853 1
7872 1
7885 1
7949 1
7980 1
8004 1
8050 1
8061 1
8074 1
8131 1
8176 1
8182 1
8185 1
8268 1
8269 1
8280 1
8322 2
8352 1
8430 1
8467 1
8533 1
8560 1
8571 1
8591 1
8630 1
8688 1
8703 1
8982 1
9179 1
9208 1
9342 1
9355 1
9426 1
9448 1
9549 1
9570 1
9608 1
9639 1
9663 1
9749 1
10015 1
10050 1
10065 1
10148 1
10191 1
10318 1
10508 1
10591 1
10619 1
11238 1
11369 1
11374 1
11660 1
12846 1
13230 1
14497 1
14822 1
20715 1
20981 1
