3588 1
3649 1
3658 1
3659 1
3660 1
3662 1
3665 1
3674 1
3676 1
3680 1
3686 1
3687 1
3690 1
3691 3
3692 1
3694 1
3697 1
3698 1
3699 1
3702 1
3703 1
3704 2
3705 2
3706 2
3707 2
3708 1
3709 1
3710 1
3711 1
3712 2
3713 1
3717 2
3719 2
3720 1
3721 1
3722 3
3725 3
3726 6
3727 1
3728 2
3729 3
3730 3
3731 4
3732 1
3733 4
3734 3
3735 1
3736 7
3737 5
3738 2
3740 4
3741 3
3743 2
3744 4
3745 1
3746 1
3747 2
3748 2
3749 7
3750 1
3751 2
3752 2
3753 3
3754 2
3755 2
3756 2
3757 7
3758 4
3759 5
3760 9
3761 2
3762 5
3763 3
3764 3
3765 5
3766 5
3767 5
3768 6
3769 5
3770 6
3771 7
3772 4
3773 7
3774 3
3775 5
3776 3
3777 2
3778 7
3779 4
3780 5
3781 6
3782 6
3783 4
3784 4
3785 3
3786 7
3787 3
3788 5
3789 3
3790 5
3791 3
3792 7
3793 4
3794 3
3795 9
3796 3
3797 9
3798 3
3799 8
3800 6
3801 11
3802 10
3803 8
3804 3
3805 5
3806 9
3807 8
3808 5
3809 5
3810 4
3811 9
3812 5
3813 2
3814 3
3815 9
3816 9
3817 5
3818 13
3819 6
3820 8
3821 8
3822 6
3823 3
3824 2
3825 3
3826 6
3827 5
3828 10
3829 8
3830 5
3831 6
3832 10
3833 7
3834 4
3835 11
3836 6
3837 6
3838 9
3839 5
3840 4
3841 9
3842 4
3843 6
3844 6
3845 5
3846 7
3847 5
3848 10
3849 6
3850 8
3851 5
3852 5
3853 7
3854 7
3855 7
3856 4
3857 11
3858 5
3859 4
3860 9
3861 3
3862 1
3863 7
3864 10
3865 5
3866 10
3867 7
3868 1
3869 3
3870 4
3871 4
3872 6
3873 4
3874 5
3875 3
3876 6
3877 8
3878 6
3879 2
3880 3
3881 4
3882 1
3883 2
3884 1
3885 8
3886 4
3887 4
3888 5
3889 3
3890 7
3891 3
3892 3
3893 7
3894 1
3895 4
3896 4
3897 4
3898 3
3899 3
3900 2
3901 3
3902 3
3903 7
3904 2
3905 2
3906 1
3907 1
3908 1
3909 1
3910 3
3911 2
3912 1
3913 3
3914 2
3915 3
3916 2
3917 2
3918 2
3919 2
3920 3
3921 3
3922 1
3923 1
3924 1
3925 1
3926 3
3927 1
3928 2
3929 1
3932 1
3933 2
3934 3
3935 1
3936 3
3937 1
3938 2
3939 4
3940 2
3941 3
3942 3
3943 2
3946 1
3948 1
3950 1
3951 1
3953 1
3958 1
3961 1
3964 1
3965 2
3966 1
3973 1
3980 1
3981 2
3982 1
3984 1
3987 1
3989 1
3999 1
4007 1
4010 1
4020 1
4022 1
4025 1
